++ /usr/bin/time -f real %e seconds ./run -p 0 -d 0
WG size of kernel_swap = 256, WG size of kernel_kmeans = 256 

I/O completed

Number of objects: 819200
Number of features: 34
num_devices = 1
iterated 20 times

================= Centroid Coordinates =================
0: 175.36 2209991.00 0.00 0.00 0.00 0.00 0.00 0.00 0.00 0.00 0.00 0.00 0.00 0.00 0.00 1.71 1.64 0.00 0.00 0.07 0.07 0.98 0.05 0.00 115.36 54.50 0.34 0.05 0.34 0.03 0.07 0.00 0.02 0.00

1: 5051.68 5134229.50 0.00 0.00 0.00 2.71 0.00 0.00 0.00 0.00 0.00 0.00 0.00 0.00 0.00 1.02 1.46 0.02 0.02 0.00 0.00 0.99 0.02 0.06 31.59 35.05 0.89 0.02 0.93 0.10 0.01 0.02 0.00 0.00

2: 56.28 715.76 230.61 0.01 0.00 0.03 0.00 0.00 0.00 0.00 0.01 0.00 0.00 0.00 0.00 376.83 337.55 0.16 0.16 0.06 0.06 0.80 0.02 0.02 244.34 192.23 0.76 0.03 0.69 0.00 0.16 0.16 0.06 0.06

3: 1985.80 701.20 3525758.75 0.00 0.00 0.00 0.60 3.60 0.20 0.40 1.80 0.00 0.00 0.00 0.00 1.00 1.00 0.00 0.00 0.00 0.00 1.00 0.00 0.00 164.20 69.40 0.31 0.04 0.01 0.10 0.15 0.17 0.15 0.00

4: 931.24 655.00 767574.38 0.00 0.00 0.00 0.00 13.38 0.00 0.05 13.24 0.05 0.00 0.00 0.00 1.43 2.05 0.02 0.00 0.00 0.00 1.00 0.00 0.01 159.29 55.38 0.26 0.03 0.01 0.01 0.02 0.02 0.01 0.03

Number of Iteration: 1
Init: 405.346008
MemAlloc: 8.502000
HtoD: 20.697027
Exec: 6095.780273
DtoH: 16.505964
Close: 1.756000
Total: 8564.028320
real 8.63 seconds
++ echo

++ /usr/bin/time -f real %e seconds ./run -p 0 -d 0
WG size of kernel_swap = 256, WG size of kernel_kmeans = 256 

I/O completed

Number of objects: 819200
Number of features: 34
num_devices = 1
iterated 20 times

================= Centroid Coordinates =================
0: 175.36 2209991.00 0.00 0.00 0.00 0.00 0.00 0.00 0.00 0.00 0.00 0.00 0.00 0.00 0.00 1.71 1.64 0.00 0.00 0.07 0.07 0.98 0.05 0.00 115.36 54.50 0.34 0.05 0.34 0.03 0.07 0.00 0.02 0.00

1: 5051.68 5134229.50 0.00 0.00 0.00 2.71 0.00 0.00 0.00 0.00 0.00 0.00 0.00 0.00 0.00 1.02 1.46 0.02 0.02 0.00 0.00 0.99 0.02 0.06 31.59 35.05 0.89 0.02 0.93 0.10 0.01 0.02 0.00 0.00

2: 56.28 715.76 230.61 0.01 0.00 0.03 0.00 0.00 0.00 0.00 0.01 0.00 0.00 0.00 0.00 376.83 337.55 0.16 0.16 0.06 0.06 0.80 0.02 0.02 244.34 192.23 0.76 0.03 0.69 0.00 0.16 0.16 0.06 0.06

3: 1985.80 701.20 3525758.75 0.00 0.00 0.00 0.60 3.60 0.20 0.40 1.80 0.00 0.00 0.00 0.00 1.00 1.00 0.00 0.00 0.00 0.00 1.00 0.00 0.00 164.20 69.40 0.31 0.04 0.01 0.10 0.15 0.17 0.15 0.00

4: 931.24 655.00 767574.38 0.00 0.00 0.00 0.00 13.38 0.00 0.05 13.24 0.05 0.00 0.00 0.00 1.43 2.05 0.02 0.00 0.00 0.00 1.00 0.00 0.01 159.29 55.38 0.26 0.03 0.01 0.01 0.02 0.02 0.01 0.03

Number of Iteration: 1
Init: 397.252014
MemAlloc: 8.203000
HtoD: 20.773054
Exec: 6099.434082
DtoH: 16.103079
Close: 1.353000
Total: 8473.468750
real 8.55 seconds
++ echo

++ /usr/bin/time -f real %e seconds ./run -p 0 -d 0
WG size of kernel_swap = 256, WG size of kernel_kmeans = 256 

I/O completed

Number of objects: 819200
Number of features: 34
num_devices = 1
iterated 20 times

================= Centroid Coordinates =================
0: 175.36 2209991.00 0.00 0.00 0.00 0.00 0.00 0.00 0.00 0.00 0.00 0.00 0.00 0.00 0.00 1.71 1.64 0.00 0.00 0.07 0.07 0.98 0.05 0.00 115.36 54.50 0.34 0.05 0.34 0.03 0.07 0.00 0.02 0.00

1: 5051.68 5134229.50 0.00 0.00 0.00 2.71 0.00 0.00 0.00 0.00 0.00 0.00 0.00 0.00 0.00 1.02 1.46 0.02 0.02 0.00 0.00 0.99 0.02 0.06 31.59 35.05 0.89 0.02 0.93 0.10 0.01 0.02 0.00 0.00

2: 56.28 715.76 230.61 0.01 0.00 0.03 0.00 0.00 0.00 0.00 0.01 0.00 0.00 0.00 0.00 376.83 337.55 0.16 0.16 0.06 0.06 0.80 0.02 0.02 244.34 192.23 0.76 0.03 0.69 0.00 0.16 0.16 0.06 0.06

3: 1985.80 701.20 3525758.75 0.00 0.00 0.00 0.60 3.60 0.20 0.40 1.80 0.00 0.00 0.00 0.00 1.00 1.00 0.00 0.00 0.00 0.00 1.00 0.00 0.00 164.20 69.40 0.31 0.04 0.01 0.10 0.15 0.17 0.15 0.00

4: 931.24 655.00 767574.38 0.00 0.00 0.00 0.00 13.38 0.00 0.05 13.24 0.05 0.00 0.00 0.00 1.43 2.05 0.02 0.00 0.00 0.00 1.00 0.00 0.01 159.29 55.38 0.26 0.03 0.01 0.01 0.02 0.02 0.01 0.03

Number of Iteration: 1
Init: 407.401001
MemAlloc: 8.104000
HtoD: 20.064585
Exec: 6094.014160
DtoH: 18.112200
Close: 1.805000
Total: 8567.220703
real 8.63 seconds
++ echo

++ /usr/bin/time -f real %e seconds ./run -p 0 -d 0
WG size of kernel_swap = 256, WG size of kernel_kmeans = 256 

I/O completed

Number of objects: 819200
Number of features: 34
num_devices = 1
iterated 20 times

================= Centroid Coordinates =================
0: 175.36 2209991.00 0.00 0.00 0.00 0.00 0.00 0.00 0.00 0.00 0.00 0.00 0.00 0.00 0.00 1.71 1.64 0.00 0.00 0.07 0.07 0.98 0.05 0.00 115.36 54.50 0.34 0.05 0.34 0.03 0.07 0.00 0.02 0.00

1: 5051.68 5134229.50 0.00 0.00 0.00 2.71 0.00 0.00 0.00 0.00 0.00 0.00 0.00 0.00 0.00 1.02 1.46 0.02 0.02 0.00 0.00 0.99 0.02 0.06 31.59 35.05 0.89 0.02 0.93 0.10 0.01 0.02 0.00 0.00

2: 56.28 715.76 230.61 0.01 0.00 0.03 0.00 0.00 0.00 0.00 0.01 0.00 0.00 0.00 0.00 376.83 337.55 0.16 0.16 0.06 0.06 0.80 0.02 0.02 244.34 192.23 0.76 0.03 0.69 0.00 0.16 0.16 0.06 0.06

3: 1985.80 701.20 3525758.75 0.00 0.00 0.00 0.60 3.60 0.20 0.40 1.80 0.00 0.00 0.00 0.00 1.00 1.00 0.00 0.00 0.00 0.00 1.00 0.00 0.00 164.20 69.40 0.31 0.04 0.01 0.10 0.15 0.17 0.15 0.00

4: 931.24 655.00 767574.38 0.00 0.00 0.00 0.00 13.38 0.00 0.05 13.24 0.05 0.00 0.00 0.00 1.43 2.05 0.02 0.00 0.00 0.00 1.00 0.00 0.01 159.29 55.38 0.26 0.03 0.01 0.01 0.02 0.02 0.01 0.03

Number of Iteration: 1
Init: 406.355011
MemAlloc: 8.291000
HtoD: 20.812571
Exec: 6096.022461
DtoH: 17.846266
Close: 1.988000
Total: 8564.266602
real 8.63 seconds
++ echo

++ /usr/bin/time -f real %e seconds ./run -p 0 -d 0
WG size of kernel_swap = 256, WG size of kernel_kmeans = 256 

I/O completed

Number of objects: 819200
Number of features: 34
num_devices = 1
iterated 20 times

================= Centroid Coordinates =================
0: 175.36 2209991.00 0.00 0.00 0.00 0.00 0.00 0.00 0.00 0.00 0.00 0.00 0.00 0.00 0.00 1.71 1.64 0.00 0.00 0.07 0.07 0.98 0.05 0.00 115.36 54.50 0.34 0.05 0.34 0.03 0.07 0.00 0.02 0.00

1: 5051.68 5134229.50 0.00 0.00 0.00 2.71 0.00 0.00 0.00 0.00 0.00 0.00 0.00 0.00 0.00 1.02 1.46 0.02 0.02 0.00 0.00 0.99 0.02 0.06 31.59 35.05 0.89 0.02 0.93 0.10 0.01 0.02 0.00 0.00

2: 56.28 715.76 230.61 0.01 0.00 0.03 0.00 0.00 0.00 0.00 0.01 0.00 0.00 0.00 0.00 376.83 337.55 0.16 0.16 0.06 0.06 0.80 0.02 0.02 244.34 192.23 0.76 0.03 0.69 0.00 0.16 0.16 0.06 0.06

3: 1985.80 701.20 3525758.75 0.00 0.00 0.00 0.60 3.60 0.20 0.40 1.80 0.00 0.00 0.00 0.00 1.00 1.00 0.00 0.00 0.00 0.00 1.00 0.00 0.00 164.20 69.40 0.31 0.04 0.01 0.10 0.15 0.17 0.15 0.00

4: 931.24 655.00 767574.38 0.00 0.00 0.00 0.00 13.38 0.00 0.05 13.24 0.05 0.00 0.00 0.00 1.43 2.05 0.02 0.00 0.00 0.00 1.00 0.00 0.01 159.29 55.38 0.26 0.03 0.01 0.01 0.02 0.02 0.01 0.03

Number of Iteration: 1
Init: 396.669006
MemAlloc: 8.391000
HtoD: 24.802029
Exec: 6097.343262
DtoH: 17.855988
Close: 2.303000
Total: 8562.731445
real 8.63 seconds
++ echo

++ /usr/bin/time -f real %e seconds ./run -p 0 -d 0
WG size of kernel_swap = 256, WG size of kernel_kmeans = 256 

I/O completed

Number of objects: 819200
Number of features: 34
num_devices = 1
iterated 20 times

================= Centroid Coordinates =================
0: 175.36 2209991.00 0.00 0.00 0.00 0.00 0.00 0.00 0.00 0.00 0.00 0.00 0.00 0.00 0.00 1.71 1.64 0.00 0.00 0.07 0.07 0.98 0.05 0.00 115.36 54.50 0.34 0.05 0.34 0.03 0.07 0.00 0.02 0.00

1: 5051.68 5134229.50 0.00 0.00 0.00 2.71 0.00 0.00 0.00 0.00 0.00 0.00 0.00 0.00 0.00 1.02 1.46 0.02 0.02 0.00 0.00 0.99 0.02 0.06 31.59 35.05 0.89 0.02 0.93 0.10 0.01 0.02 0.00 0.00

2: 56.28 715.76 230.61 0.01 0.00 0.03 0.00 0.00 0.00 0.00 0.01 0.00 0.00 0.00 0.00 376.83 337.55 0.16 0.16 0.06 0.06 0.80 0.02 0.02 244.34 192.23 0.76 0.03 0.69 0.00 0.16 0.16 0.06 0.06

3: 1985.80 701.20 3525758.75 0.00 0.00 0.00 0.60 3.60 0.20 0.40 1.80 0.00 0.00 0.00 0.00 1.00 1.00 0.00 0.00 0.00 0.00 1.00 0.00 0.00 164.20 69.40 0.31 0.04 0.01 0.10 0.15 0.17 0.15 0.00

4: 931.24 655.00 767574.38 0.00 0.00 0.00 0.00 13.38 0.00 0.05 13.24 0.05 0.00 0.00 0.00 1.43 2.05 0.02 0.00 0.00 0.00 1.00 0.00 0.01 159.29 55.38 0.26 0.03 0.01 0.01 0.02 0.02 0.01 0.03

Number of Iteration: 1
Init: 408.806000
MemAlloc: 8.157000
HtoD: 20.676430
Exec: 6094.788574
DtoH: 16.693008
Close: 1.574000
Total: 8532.388672
real 8.60 seconds
++ echo

++ /usr/bin/time -f real %e seconds ./run -p 0 -d 0
WG size of kernel_swap = 256, WG size of kernel_kmeans = 256 

I/O completed

Number of objects: 819200
Number of features: 34
num_devices = 1
iterated 20 times

================= Centroid Coordinates =================
0: 175.36 2209991.00 0.00 0.00 0.00 0.00 0.00 0.00 0.00 0.00 0.00 0.00 0.00 0.00 0.00 1.71 1.64 0.00 0.00 0.07 0.07 0.98 0.05 0.00 115.36 54.50 0.34 0.05 0.34 0.03 0.07 0.00 0.02 0.00

1: 5051.68 5134229.50 0.00 0.00 0.00 2.71 0.00 0.00 0.00 0.00 0.00 0.00 0.00 0.00 0.00 1.02 1.46 0.02 0.02 0.00 0.00 0.99 0.02 0.06 31.59 35.05 0.89 0.02 0.93 0.10 0.01 0.02 0.00 0.00

2: 56.28 715.76 230.61 0.01 0.00 0.03 0.00 0.00 0.00 0.00 0.01 0.00 0.00 0.00 0.00 376.83 337.55 0.16 0.16 0.06 0.06 0.80 0.02 0.02 244.34 192.23 0.76 0.03 0.69 0.00 0.16 0.16 0.06 0.06

3: 1985.80 701.20 3525758.75 0.00 0.00 0.00 0.60 3.60 0.20 0.40 1.80 0.00 0.00 0.00 0.00 1.00 1.00 0.00 0.00 0.00 0.00 1.00 0.00 0.00 164.20 69.40 0.31 0.04 0.01 0.10 0.15 0.17 0.15 0.00

4: 931.24 655.00 767574.38 0.00 0.00 0.00 0.00 13.38 0.00 0.05 13.24 0.05 0.00 0.00 0.00 1.43 2.05 0.02 0.00 0.00 0.00 1.00 0.00 0.01 159.29 55.38 0.26 0.03 0.01 0.01 0.02 0.02 0.01 0.03

Number of Iteration: 1
Init: 410.272003
MemAlloc: 8.308000
HtoD: 20.199602
Exec: 6100.112793
DtoH: 18.124031
Close: 1.813000
Total: 8579.810547
real 8.64 seconds
++ echo

++ /usr/bin/time -f real %e seconds ./run -p 0 -d 0
WG size of kernel_swap = 256, WG size of kernel_kmeans = 256 

I/O completed

Number of objects: 819200
Number of features: 34
num_devices = 1
iterated 20 times

================= Centroid Coordinates =================
0: 175.36 2209991.00 0.00 0.00 0.00 0.00 0.00 0.00 0.00 0.00 0.00 0.00 0.00 0.00 0.00 1.71 1.64 0.00 0.00 0.07 0.07 0.98 0.05 0.00 115.36 54.50 0.34 0.05 0.34 0.03 0.07 0.00 0.02 0.00

1: 5051.68 5134229.50 0.00 0.00 0.00 2.71 0.00 0.00 0.00 0.00 0.00 0.00 0.00 0.00 0.00 1.02 1.46 0.02 0.02 0.00 0.00 0.99 0.02 0.06 31.59 35.05 0.89 0.02 0.93 0.10 0.01 0.02 0.00 0.00

2: 56.28 715.76 230.61 0.01 0.00 0.03 0.00 0.00 0.00 0.00 0.01 0.00 0.00 0.00 0.00 376.83 337.55 0.16 0.16 0.06 0.06 0.80 0.02 0.02 244.34 192.23 0.76 0.03 0.69 0.00 0.16 0.16 0.06 0.06

3: 1985.80 701.20 3525758.75 0.00 0.00 0.00 0.60 3.60 0.20 0.40 1.80 0.00 0.00 0.00 0.00 1.00 1.00 0.00 0.00 0.00 0.00 1.00 0.00 0.00 164.20 69.40 0.31 0.04 0.01 0.10 0.15 0.17 0.15 0.00

4: 931.24 655.00 767574.38 0.00 0.00 0.00 0.00 13.38 0.00 0.05 13.24 0.05 0.00 0.00 0.00 1.43 2.05 0.02 0.00 0.00 0.00 1.00 0.00 0.01 159.29 55.38 0.26 0.03 0.01 0.01 0.02 0.02 0.01 0.03

Number of Iteration: 1
Init: 414.328003
MemAlloc: 8.960000
HtoD: 25.202801
Exec: 6095.520996
DtoH: 16.530703
Close: 1.753000
Total: 8510.831055
real 8.58 seconds
++ echo

++ /usr/bin/time -f real %e seconds ./run -p 0 -d 0
WG size of kernel_swap = 256, WG size of kernel_kmeans = 256 

I/O completed

Number of objects: 819200
Number of features: 34
num_devices = 1
iterated 20 times

================= Centroid Coordinates =================
0: 175.36 2209991.00 0.00 0.00 0.00 0.00 0.00 0.00 0.00 0.00 0.00 0.00 0.00 0.00 0.00 1.71 1.64 0.00 0.00 0.07 0.07 0.98 0.05 0.00 115.36 54.50 0.34 0.05 0.34 0.03 0.07 0.00 0.02 0.00

1: 5051.68 5134229.50 0.00 0.00 0.00 2.71 0.00 0.00 0.00 0.00 0.00 0.00 0.00 0.00 0.00 1.02 1.46 0.02 0.02 0.00 0.00 0.99 0.02 0.06 31.59 35.05 0.89 0.02 0.93 0.10 0.01 0.02 0.00 0.00

2: 56.28 715.76 230.61 0.01 0.00 0.03 0.00 0.00 0.00 0.00 0.01 0.00 0.00 0.00 0.00 376.83 337.55 0.16 0.16 0.06 0.06 0.80 0.02 0.02 244.34 192.23 0.76 0.03 0.69 0.00 0.16 0.16 0.06 0.06

3: 1985.80 701.20 3525758.75 0.00 0.00 0.00 0.60 3.60 0.20 0.40 1.80 0.00 0.00 0.00 0.00 1.00 1.00 0.00 0.00 0.00 0.00 1.00 0.00 0.00 164.20 69.40 0.31 0.04 0.01 0.10 0.15 0.17 0.15 0.00

4: 931.24 655.00 767574.38 0.00 0.00 0.00 0.00 13.38 0.00 0.05 13.24 0.05 0.00 0.00 0.00 1.43 2.05 0.02 0.00 0.00 0.00 1.00 0.00 0.01 159.29 55.38 0.26 0.03 0.01 0.01 0.02 0.02 0.01 0.03

Number of Iteration: 1
Init: 415.787994
MemAlloc: 8.250000
HtoD: 20.342348
Exec: 6096.538574
DtoH: 16.808996
Close: 1.798000
Total: 8574.243164
real 8.64 seconds
++ echo

++ /usr/bin/time -f real %e seconds ./run -p 0 -d 0
WG size of kernel_swap = 256, WG size of kernel_kmeans = 256 

I/O completed

Number of objects: 819200
Number of features: 34
num_devices = 1
iterated 20 times

================= Centroid Coordinates =================
0: 175.36 2209991.00 0.00 0.00 0.00 0.00 0.00 0.00 0.00 0.00 0.00 0.00 0.00 0.00 0.00 1.71 1.64 0.00 0.00 0.07 0.07 0.98 0.05 0.00 115.36 54.50 0.34 0.05 0.34 0.03 0.07 0.00 0.02 0.00

1: 5051.68 5134229.50 0.00 0.00 0.00 2.71 0.00 0.00 0.00 0.00 0.00 0.00 0.00 0.00 0.00 1.02 1.46 0.02 0.02 0.00 0.00 0.99 0.02 0.06 31.59 35.05 0.89 0.02 0.93 0.10 0.01 0.02 0.00 0.00

2: 56.28 715.76 230.61 0.01 0.00 0.03 0.00 0.00 0.00 0.00 0.01 0.00 0.00 0.00 0.00 376.83 337.55 0.16 0.16 0.06 0.06 0.80 0.02 0.02 244.34 192.23 0.76 0.03 0.69 0.00 0.16 0.16 0.06 0.06

3: 1985.80 701.20 3525758.75 0.00 0.00 0.00 0.60 3.60 0.20 0.40 1.80 0.00 0.00 0.00 0.00 1.00 1.00 0.00 0.00 0.00 0.00 1.00 0.00 0.00 164.20 69.40 0.31 0.04 0.01 0.10 0.15 0.17 0.15 0.00

4: 931.24 655.00 767574.38 0.00 0.00 0.00 0.00 13.38 0.00 0.05 13.24 0.05 0.00 0.00 0.00 1.43 2.05 0.02 0.00 0.00 0.00 1.00 0.00 0.01 159.29 55.38 0.26 0.03 0.01 0.01 0.02 0.02 0.01 0.03

Number of Iteration: 1
Init: 411.032013
MemAlloc: 8.382000
HtoD: 20.401638
Exec: 6094.567871
DtoH: 16.241495
Close: 1.675000
Total: 8569.803711
real 8.63 seconds
++ echo

++ /usr/bin/time -f real %e seconds ./run -p 0 -d 0
WG size of kernel_swap = 256, WG size of kernel_kmeans = 256 

I/O completed

Number of objects: 819200
Number of features: 34
num_devices = 1
iterated 20 times

================= Centroid Coordinates =================
0: 175.36 2209991.00 0.00 0.00 0.00 0.00 0.00 0.00 0.00 0.00 0.00 0.00 0.00 0.00 0.00 1.71 1.64 0.00 0.00 0.07 0.07 0.98 0.05 0.00 115.36 54.50 0.34 0.05 0.34 0.03 0.07 0.00 0.02 0.00

1: 5051.68 5134229.50 0.00 0.00 0.00 2.71 0.00 0.00 0.00 0.00 0.00 0.00 0.00 0.00 0.00 1.02 1.46 0.02 0.02 0.00 0.00 0.99 0.02 0.06 31.59 35.05 0.89 0.02 0.93 0.10 0.01 0.02 0.00 0.00

2: 56.28 715.76 230.61 0.01 0.00 0.03 0.00 0.00 0.00 0.00 0.01 0.00 0.00 0.00 0.00 376.83 337.55 0.16 0.16 0.06 0.06 0.80 0.02 0.02 244.34 192.23 0.76 0.03 0.69 0.00 0.16 0.16 0.06 0.06

3: 1985.80 701.20 3525758.75 0.00 0.00 0.00 0.60 3.60 0.20 0.40 1.80 0.00 0.00 0.00 0.00 1.00 1.00 0.00 0.00 0.00 0.00 1.00 0.00 0.00 164.20 69.40 0.31 0.04 0.01 0.10 0.15 0.17 0.15 0.00

4: 931.24 655.00 767574.38 0.00 0.00 0.00 0.00 13.38 0.00 0.05 13.24 0.05 0.00 0.00 0.00 1.43 2.05 0.02 0.00 0.00 0.00 1.00 0.00 0.01 159.29 55.38 0.26 0.03 0.01 0.01 0.02 0.02 0.01 0.03

Number of Iteration: 1
Init: 408.881012
MemAlloc: 8.482000
HtoD: 20.134825
Exec: 6098.862305
DtoH: 16.318407
Close: 1.815000
Total: 8520.078125
real 8.58 seconds
++ echo

++ /usr/bin/time -f real %e seconds ./run -p 0 -d 0
WG size of kernel_swap = 256, WG size of kernel_kmeans = 256 

I/O completed

Number of objects: 819200
Number of features: 34
num_devices = 1
iterated 20 times

================= Centroid Coordinates =================
0: 175.36 2209991.00 0.00 0.00 0.00 0.00 0.00 0.00 0.00 0.00 0.00 0.00 0.00 0.00 0.00 1.71 1.64 0.00 0.00 0.07 0.07 0.98 0.05 0.00 115.36 54.50 0.34 0.05 0.34 0.03 0.07 0.00 0.02 0.00

1: 5051.68 5134229.50 0.00 0.00 0.00 2.71 0.00 0.00 0.00 0.00 0.00 0.00 0.00 0.00 0.00 1.02 1.46 0.02 0.02 0.00 0.00 0.99 0.02 0.06 31.59 35.05 0.89 0.02 0.93 0.10 0.01 0.02 0.00 0.00

2: 56.28 715.76 230.61 0.01 0.00 0.03 0.00 0.00 0.00 0.00 0.01 0.00 0.00 0.00 0.00 376.83 337.55 0.16 0.16 0.06 0.06 0.80 0.02 0.02 244.34 192.23 0.76 0.03 0.69 0.00 0.16 0.16 0.06 0.06

3: 1985.80 701.20 3525758.75 0.00 0.00 0.00 0.60 3.60 0.20 0.40 1.80 0.00 0.00 0.00 0.00 1.00 1.00 0.00 0.00 0.00 0.00 1.00 0.00 0.00 164.20 69.40 0.31 0.04 0.01 0.10 0.15 0.17 0.15 0.00

4: 931.24 655.00 767574.38 0.00 0.00 0.00 0.00 13.38 0.00 0.05 13.24 0.05 0.00 0.00 0.00 1.43 2.05 0.02 0.00 0.00 0.00 1.00 0.00 0.01 159.29 55.38 0.26 0.03 0.01 0.01 0.02 0.02 0.01 0.03

Number of Iteration: 1
Init: 397.740997
MemAlloc: 8.425000
HtoD: 24.233162
Exec: 6095.853516
DtoH: 15.753984
Close: 1.682000
Total: 8474.027344
real 8.55 seconds
++ echo

++ echo

