++ /usr/bin/time -f real %e seconds ./run -p 0 -d 0
assigned vm_id=1
param_block size=10000000, offset=0, base=7fb011402000
assigned worker at 4181
WG size of kernel_swap = 256, WG size of kernel_kmeans = 256 

I/O completed

Number of objects: 819200
Number of features: 34
num_devices = 1
iterated 20 times

================= Centroid Coordinates =================
0: 175.36 2209991.00 0.00 0.00 0.00 0.00 0.00 0.00 0.00 0.00 0.00 0.00 0.00 0.00 0.00 1.71 1.64 0.00 0.00 0.07 0.07 0.98 0.05 0.00 115.36 54.50 0.34 0.05 0.34 0.03 0.07 0.00 0.02 0.00

1: 5051.68 5134229.50 0.00 0.00 0.00 2.71 0.00 0.00 0.00 0.00 0.00 0.00 0.00 0.00 0.00 1.02 1.46 0.02 0.02 0.00 0.00 0.99 0.02 0.06 31.59 35.05 0.89 0.02 0.93 0.10 0.01 0.02 0.00 0.00

2: 56.28 715.76 230.61 0.01 0.00 0.03 0.00 0.00 0.00 0.00 0.01 0.00 0.00 0.00 0.00 376.83 337.55 0.16 0.16 0.06 0.06 0.80 0.02 0.02 244.34 192.23 0.76 0.03 0.69 0.00 0.16 0.16 0.06 0.06

3: 1985.80 701.20 3525758.75 0.00 0.00 0.00 0.60 3.60 0.20 0.40 1.80 0.00 0.00 0.00 0.00 1.00 1.00 0.00 0.00 0.00 0.00 1.00 0.00 0.00 164.20 69.40 0.31 0.04 0.01 0.10 0.15 0.17 0.15 0.00

4: 931.24 655.00 767574.38 0.00 0.00 0.00 0.00 13.38 0.00 0.05 13.24 0.05 0.00 0.00 0.00 1.43 2.05 0.02 0.00 0.00 0.00 1.00 0.00 0.01 159.29 55.38 0.26 0.03 0.01 0.01 0.02 0.02 0.01 0.03

Number of Iteration: 1
Init: 409.424011
MemAlloc: 9.561000
HtoD: 29.716040
Exec: 6118.440918
DtoH: 20.582251
Close: 2.352000
Total: 8780.618164
Command exited with non-zero status 255
real 8.85 seconds
++ echo

++ /usr/bin/time -f real %e seconds ./run -p 0 -d 0
assigned vm_id=1
param_block size=10000000, offset=0, base=7fdbcc0ce000
assigned worker at 4182
WG size of kernel_swap = 256, WG size of kernel_kmeans = 256 

I/O completed

Number of objects: 819200
Number of features: 34
num_devices = 1
iterated 20 times

================= Centroid Coordinates =================
0: 175.36 2209991.00 0.00 0.00 0.00 0.00 0.00 0.00 0.00 0.00 0.00 0.00 0.00 0.00 0.00 1.71 1.64 0.00 0.00 0.07 0.07 0.98 0.05 0.00 115.36 54.50 0.34 0.05 0.34 0.03 0.07 0.00 0.02 0.00

1: 5051.68 5134229.50 0.00 0.00 0.00 2.71 0.00 0.00 0.00 0.00 0.00 0.00 0.00 0.00 0.00 1.02 1.46 0.02 0.02 0.00 0.00 0.99 0.02 0.06 31.59 35.05 0.89 0.02 0.93 0.10 0.01 0.02 0.00 0.00

2: 56.28 715.76 230.61 0.01 0.00 0.03 0.00 0.00 0.00 0.00 0.01 0.00 0.00 0.00 0.00 376.83 337.55 0.16 0.16 0.06 0.06 0.80 0.02 0.02 244.34 192.23 0.76 0.03 0.69 0.00 0.16 0.16 0.06 0.06

3: 1985.80 701.20 3525758.75 0.00 0.00 0.00 0.60 3.60 0.20 0.40 1.80 0.00 0.00 0.00 0.00 1.00 1.00 0.00 0.00 0.00 0.00 1.00 0.00 0.00 164.20 69.40 0.31 0.04 0.01 0.10 0.15 0.17 0.15 0.00

4: 931.24 655.00 767574.38 0.00 0.00 0.00 0.00 13.38 0.00 0.05 13.24 0.05 0.00 0.00 0.00 1.43 2.05 0.02 0.00 0.00 0.00 1.00 0.00 0.01 159.29 55.38 0.26 0.03 0.01 0.01 0.02 0.02 0.01 0.03

Number of Iteration: 1
Init: 407.977997
MemAlloc: 8.991000
HtoD: 28.293024
Exec: 6117.538086
DtoH: 20.322090
Close: 3.354000
Total: 8701.405273
Command exited with non-zero status 255
real 8.76 seconds
++ echo

++ /usr/bin/time -f real %e seconds ./run -p 0 -d 0
assigned vm_id=1
param_block size=10000000, offset=0, base=7f9fca135000
assigned worker at 4183
WG size of kernel_swap = 256, WG size of kernel_kmeans = 256 

I/O completed

Number of objects: 819200
Number of features: 34
num_devices = 1
iterated 20 times

================= Centroid Coordinates =================
0: 175.36 2209991.00 0.00 0.00 0.00 0.00 0.00 0.00 0.00 0.00 0.00 0.00 0.00 0.00 0.00 1.71 1.64 0.00 0.00 0.07 0.07 0.98 0.05 0.00 115.36 54.50 0.34 0.05 0.34 0.03 0.07 0.00 0.02 0.00

1: 5051.68 5134229.50 0.00 0.00 0.00 2.71 0.00 0.00 0.00 0.00 0.00 0.00 0.00 0.00 0.00 1.02 1.46 0.02 0.02 0.00 0.00 0.99 0.02 0.06 31.59 35.05 0.89 0.02 0.93 0.10 0.01 0.02 0.00 0.00

2: 56.28 715.76 230.61 0.01 0.00 0.03 0.00 0.00 0.00 0.00 0.01 0.00 0.00 0.00 0.00 376.83 337.55 0.16 0.16 0.06 0.06 0.80 0.02 0.02 244.34 192.23 0.76 0.03 0.69 0.00 0.16 0.16 0.06 0.06

3: 1985.80 701.20 3525758.75 0.00 0.00 0.00 0.60 3.60 0.20 0.40 1.80 0.00 0.00 0.00 0.00 1.00 1.00 0.00 0.00 0.00 0.00 1.00 0.00 0.00 164.20 69.40 0.31 0.04 0.01 0.10 0.15 0.17 0.15 0.00

4: 931.24 655.00 767574.38 0.00 0.00 0.00 0.00 13.38 0.00 0.05 13.24 0.05 0.00 0.00 0.00 1.43 2.05 0.02 0.00 0.00 0.00 1.00 0.00 0.01 159.29 55.38 0.26 0.03 0.01 0.01 0.02 0.02 0.01 0.03

Number of Iteration: 1
Init: 408.187012
MemAlloc: 9.536000
HtoD: 27.014969
Exec: 6115.069336
DtoH: 20.629004
Close: 3.514000
Total: 8750.506836
Command exited with non-zero status 255
real 8.83 seconds
++ echo

++ /usr/bin/time -f real %e seconds ./run -p 0 -d 0
assigned vm_id=1
param_block size=10000000, offset=0, base=7fed6a0ec000
assigned worker at 4184
WG size of kernel_swap = 256, WG size of kernel_kmeans = 256 

I/O completed

Number of objects: 819200
Number of features: 34
num_devices = 1
iterated 20 times

================= Centroid Coordinates =================
0: 175.36 2209991.00 0.00 0.00 0.00 0.00 0.00 0.00 0.00 0.00 0.00 0.00 0.00 0.00 0.00 1.71 1.64 0.00 0.00 0.07 0.07 0.98 0.05 0.00 115.36 54.50 0.34 0.05 0.34 0.03 0.07 0.00 0.02 0.00

1: 5051.68 5134229.50 0.00 0.00 0.00 2.71 0.00 0.00 0.00 0.00 0.00 0.00 0.00 0.00 0.00 1.02 1.46 0.02 0.02 0.00 0.00 0.99 0.02 0.06 31.59 35.05 0.89 0.02 0.93 0.10 0.01 0.02 0.00 0.00

2: 56.28 715.76 230.61 0.01 0.00 0.03 0.00 0.00 0.00 0.00 0.01 0.00 0.00 0.00 0.00 376.83 337.55 0.16 0.16 0.06 0.06 0.80 0.02 0.02 244.34 192.23 0.76 0.03 0.69 0.00 0.16 0.16 0.06 0.06

3: 1985.80 701.20 3525758.75 0.00 0.00 0.00 0.60 3.60 0.20 0.40 1.80 0.00 0.00 0.00 0.00 1.00 1.00 0.00 0.00 0.00 0.00 1.00 0.00 0.00 164.20 69.40 0.31 0.04 0.01 0.10 0.15 0.17 0.15 0.00

4: 931.24 655.00 767574.38 0.00 0.00 0.00 0.00 13.38 0.00 0.05 13.24 0.05 0.00 0.00 0.00 1.43 2.05 0.02 0.00 0.00 0.00 1.00 0.00 0.01 159.29 55.38 0.26 0.03 0.01 0.01 0.02 0.02 0.01 0.03

Number of Iteration: 1
Init: 412.700012
MemAlloc: 9.893000
HtoD: 27.823874
Exec: 6116.314453
DtoH: 20.550095
Close: 2.852000
Total: 8754.755859
Command exited with non-zero status 255
real 8.83 seconds
++ echo

++ /usr/bin/time -f real %e seconds ./run -p 0 -d 0
assigned vm_id=1
param_block size=10000000, offset=0, base=7f54c9705000
assigned worker at 4185
WG size of kernel_swap = 256, WG size of kernel_kmeans = 256 

I/O completed

Number of objects: 819200
Number of features: 34
num_devices = 1
iterated 20 times

================= Centroid Coordinates =================
0: 175.36 2209991.00 0.00 0.00 0.00 0.00 0.00 0.00 0.00 0.00 0.00 0.00 0.00 0.00 0.00 1.71 1.64 0.00 0.00 0.07 0.07 0.98 0.05 0.00 115.36 54.50 0.34 0.05 0.34 0.03 0.07 0.00 0.02 0.00

1: 5051.68 5134229.50 0.00 0.00 0.00 2.71 0.00 0.00 0.00 0.00 0.00 0.00 0.00 0.00 0.00 1.02 1.46 0.02 0.02 0.00 0.00 0.99 0.02 0.06 31.59 35.05 0.89 0.02 0.93 0.10 0.01 0.02 0.00 0.00

2: 56.28 715.76 230.61 0.01 0.00 0.03 0.00 0.00 0.00 0.00 0.01 0.00 0.00 0.00 0.00 376.83 337.55 0.16 0.16 0.06 0.06 0.80 0.02 0.02 244.34 192.23 0.76 0.03 0.69 0.00 0.16 0.16 0.06 0.06

3: 1985.80 701.20 3525758.75 0.00 0.00 0.00 0.60 3.60 0.20 0.40 1.80 0.00 0.00 0.00 0.00 1.00 1.00 0.00 0.00 0.00 0.00 1.00 0.00 0.00 164.20 69.40 0.31 0.04 0.01 0.10 0.15 0.17 0.15 0.00

4: 931.24 655.00 767574.38 0.00 0.00 0.00 0.00 13.38 0.00 0.05 13.24 0.05 0.00 0.00 0.00 1.43 2.05 0.02 0.00 0.00 0.00 1.00 0.00 0.01 159.29 55.38 0.26 0.03 0.01 0.01 0.02 0.02 0.01 0.03

Number of Iteration: 1
Init: 412.102997
MemAlloc: 9.480000
HtoD: 28.844563
Exec: 6117.046875
DtoH: 20.755081
Close: 3.321000
Total: 8770.502930
Command exited with non-zero status 255
real 8.86 seconds
++ echo

++ /usr/bin/time -f real %e seconds ./run -p 0 -d 0
assigned vm_id=1
param_block size=10000000, offset=0, base=7f43bb69c000
assigned worker at 4186
WG size of kernel_swap = 256, WG size of kernel_kmeans = 256 

I/O completed

Number of objects: 819200
Number of features: 34
num_devices = 1
iterated 20 times

================= Centroid Coordinates =================
0: 175.36 2209991.00 0.00 0.00 0.00 0.00 0.00 0.00 0.00 0.00 0.00 0.00 0.00 0.00 0.00 1.71 1.64 0.00 0.00 0.07 0.07 0.98 0.05 0.00 115.36 54.50 0.34 0.05 0.34 0.03 0.07 0.00 0.02 0.00

1: 5051.68 5134229.50 0.00 0.00 0.00 2.71 0.00 0.00 0.00 0.00 0.00 0.00 0.00 0.00 0.00 1.02 1.46 0.02 0.02 0.00 0.00 0.99 0.02 0.06 31.59 35.05 0.89 0.02 0.93 0.10 0.01 0.02 0.00 0.00

2: 56.28 715.76 230.61 0.01 0.00 0.03 0.00 0.00 0.00 0.00 0.01 0.00 0.00 0.00 0.00 376.83 337.55 0.16 0.16 0.06 0.06 0.80 0.02 0.02 244.34 192.23 0.76 0.03 0.69 0.00 0.16 0.16 0.06 0.06

3: 1985.80 701.20 3525758.75 0.00 0.00 0.00 0.60 3.60 0.20 0.40 1.80 0.00 0.00 0.00 0.00 1.00 1.00 0.00 0.00 0.00 0.00 1.00 0.00 0.00 164.20 69.40 0.31 0.04 0.01 0.10 0.15 0.17 0.15 0.00

4: 931.24 655.00 767574.38 0.00 0.00 0.00 0.00 13.38 0.00 0.05 13.24 0.05 0.00 0.00 0.00 1.43 2.05 0.02 0.00 0.00 0.00 1.00 0.00 0.01 159.29 55.38 0.26 0.03 0.01 0.01 0.02 0.02 0.01 0.03

Number of Iteration: 1
Init: 414.371002
MemAlloc: 9.575000
HtoD: 28.299162
Exec: 6118.679199
DtoH: 20.112148
Close: 3.119000
Total: 8746.670898
Command exited with non-zero status 255
real 8.83 seconds
++ echo

++ /usr/bin/time -f real %e seconds ./run -p 0 -d 0
assigned vm_id=1
param_block size=10000000, offset=0, base=7ffa04d08000
assigned worker at 4187
WG size of kernel_swap = 256, WG size of kernel_kmeans = 256 

I/O completed

Number of objects: 819200
Number of features: 34
num_devices = 1
iterated 20 times

================= Centroid Coordinates =================
0: 175.36 2209991.00 0.00 0.00 0.00 0.00 0.00 0.00 0.00 0.00 0.00 0.00 0.00 0.00 0.00 1.71 1.64 0.00 0.00 0.07 0.07 0.98 0.05 0.00 115.36 54.50 0.34 0.05 0.34 0.03 0.07 0.00 0.02 0.00

1: 5051.68 5134229.50 0.00 0.00 0.00 2.71 0.00 0.00 0.00 0.00 0.00 0.00 0.00 0.00 0.00 1.02 1.46 0.02 0.02 0.00 0.00 0.99 0.02 0.06 31.59 35.05 0.89 0.02 0.93 0.10 0.01 0.02 0.00 0.00

2: 56.28 715.76 230.61 0.01 0.00 0.03 0.00 0.00 0.00 0.00 0.01 0.00 0.00 0.00 0.00 376.83 337.55 0.16 0.16 0.06 0.06 0.80 0.02 0.02 244.34 192.23 0.76 0.03 0.69 0.00 0.16 0.16 0.06 0.06

3: 1985.80 701.20 3525758.75 0.00 0.00 0.00 0.60 3.60 0.20 0.40 1.80 0.00 0.00 0.00 0.00 1.00 1.00 0.00 0.00 0.00 0.00 1.00 0.00 0.00 164.20 69.40 0.31 0.04 0.01 0.10 0.15 0.17 0.15 0.00

4: 931.24 655.00 767574.38 0.00 0.00 0.00 0.00 13.38 0.00 0.05 13.24 0.05 0.00 0.00 0.00 1.43 2.05 0.02 0.00 0.00 0.00 1.00 0.00 0.01 159.29 55.38 0.26 0.03 0.01 0.01 0.02 0.02 0.01 0.03

Number of Iteration: 1
Init: 418.246002
MemAlloc: 8.986000
HtoD: 29.416792
Exec: 6117.853027
DtoH: 20.523254
Close: 2.809000
Total: 8743.818359
Command exited with non-zero status 255
real 8.81 seconds
++ echo

++ /usr/bin/time -f real %e seconds ./run -p 0 -d 0
assigned vm_id=1
param_block size=10000000, offset=0, base=7f297844b000
assigned worker at 4188
WG size of kernel_swap = 256, WG size of kernel_kmeans = 256 

I/O completed

Number of objects: 819200
Number of features: 34
num_devices = 1
iterated 20 times

================= Centroid Coordinates =================
0: 175.36 2209991.00 0.00 0.00 0.00 0.00 0.00 0.00 0.00 0.00 0.00 0.00 0.00 0.00 0.00 1.71 1.64 0.00 0.00 0.07 0.07 0.98 0.05 0.00 115.36 54.50 0.34 0.05 0.34 0.03 0.07 0.00 0.02 0.00

1: 5051.68 5134229.50 0.00 0.00 0.00 2.71 0.00 0.00 0.00 0.00 0.00 0.00 0.00 0.00 0.00 1.02 1.46 0.02 0.02 0.00 0.00 0.99 0.02 0.06 31.59 35.05 0.89 0.02 0.93 0.10 0.01 0.02 0.00 0.00

2: 56.28 715.76 230.61 0.01 0.00 0.03 0.00 0.00 0.00 0.00 0.01 0.00 0.00 0.00 0.00 376.83 337.55 0.16 0.16 0.06 0.06 0.80 0.02 0.02 244.34 192.23 0.76 0.03 0.69 0.00 0.16 0.16 0.06 0.06

3: 1985.80 701.20 3525758.75 0.00 0.00 0.00 0.60 3.60 0.20 0.40 1.80 0.00 0.00 0.00 0.00 1.00 1.00 0.00 0.00 0.00 0.00 1.00 0.00 0.00 164.20 69.40 0.31 0.04 0.01 0.10 0.15 0.17 0.15 0.00

4: 931.24 655.00 767574.38 0.00 0.00 0.00 0.00 13.38 0.00 0.05 13.24 0.05 0.00 0.00 0.00 1.43 2.05 0.02 0.00 0.00 0.00 1.00 0.00 0.01 159.29 55.38 0.26 0.03 0.01 0.01 0.02 0.02 0.01 0.03

Number of Iteration: 1
Init: 407.132996
MemAlloc: 8.922000
HtoD: 27.697172
Exec: 6119.476562
DtoH: 19.964361
Close: 3.275000
Total: 8742.564453
Command exited with non-zero status 255
real 8.81 seconds
++ echo

++ /usr/bin/time -f real %e seconds ./run -p 0 -d 0
assigned vm_id=1
param_block size=10000000, offset=0, base=7f9b6246e000
assigned worker at 4189
WG size of kernel_swap = 256, WG size of kernel_kmeans = 256 

I/O completed

Number of objects: 819200
Number of features: 34
num_devices = 1
iterated 20 times

================= Centroid Coordinates =================
0: 175.36 2209991.00 0.00 0.00 0.00 0.00 0.00 0.00 0.00 0.00 0.00 0.00 0.00 0.00 0.00 1.71 1.64 0.00 0.00 0.07 0.07 0.98 0.05 0.00 115.36 54.50 0.34 0.05 0.34 0.03 0.07 0.00 0.02 0.00

1: 5051.68 5134229.50 0.00 0.00 0.00 2.71 0.00 0.00 0.00 0.00 0.00 0.00 0.00 0.00 0.00 1.02 1.46 0.02 0.02 0.00 0.00 0.99 0.02 0.06 31.59 35.05 0.89 0.02 0.93 0.10 0.01 0.02 0.00 0.00

2: 56.28 715.76 230.61 0.01 0.00 0.03 0.00 0.00 0.00 0.00 0.01 0.00 0.00 0.00 0.00 376.83 337.55 0.16 0.16 0.06 0.06 0.80 0.02 0.02 244.34 192.23 0.76 0.03 0.69 0.00 0.16 0.16 0.06 0.06

3: 1985.80 701.20 3525758.75 0.00 0.00 0.00 0.60 3.60 0.20 0.40 1.80 0.00 0.00 0.00 0.00 1.00 1.00 0.00 0.00 0.00 0.00 1.00 0.00 0.00 164.20 69.40 0.31 0.04 0.01 0.10 0.15 0.17 0.15 0.00

4: 931.24 655.00 767574.38 0.00 0.00 0.00 0.00 13.38 0.00 0.05 13.24 0.05 0.00 0.00 0.00 1.43 2.05 0.02 0.00 0.00 0.00 1.00 0.00 0.01 159.29 55.38 0.26 0.03 0.01 0.01 0.02 0.02 0.01 0.03

Number of Iteration: 1
Init: 414.434998
MemAlloc: 10.359000
HtoD: 28.008303
Exec: 6118.759766
DtoH: 17.906853
Close: 2.909000
Total: 8743.539062
Command exited with non-zero status 255
real 8.83 seconds
++ echo

++ /usr/bin/time -f real %e seconds ./run -p 0 -d 0
assigned vm_id=1
param_block size=10000000, offset=0, base=7f05fd7d2000
assigned worker at 4190
WG size of kernel_swap = 256, WG size of kernel_kmeans = 256 

I/O completed

Number of objects: 819200
Number of features: 34
num_devices = 1
iterated 20 times

================= Centroid Coordinates =================
0: 175.36 2209991.00 0.00 0.00 0.00 0.00 0.00 0.00 0.00 0.00 0.00 0.00 0.00 0.00 0.00 1.71 1.64 0.00 0.00 0.07 0.07 0.98 0.05 0.00 115.36 54.50 0.34 0.05 0.34 0.03 0.07 0.00 0.02 0.00

1: 5051.68 5134229.50 0.00 0.00 0.00 2.71 0.00 0.00 0.00 0.00 0.00 0.00 0.00 0.00 0.00 1.02 1.46 0.02 0.02 0.00 0.00 0.99 0.02 0.06 31.59 35.05 0.89 0.02 0.93 0.10 0.01 0.02 0.00 0.00

2: 56.28 715.76 230.61 0.01 0.00 0.03 0.00 0.00 0.00 0.00 0.01 0.00 0.00 0.00 0.00 376.83 337.55 0.16 0.16 0.06 0.06 0.80 0.02 0.02 244.34 192.23 0.76 0.03 0.69 0.00 0.16 0.16 0.06 0.06

3: 1985.80 701.20 3525758.75 0.00 0.00 0.00 0.60 3.60 0.20 0.40 1.80 0.00 0.00 0.00 0.00 1.00 1.00 0.00 0.00 0.00 0.00 1.00 0.00 0.00 164.20 69.40 0.31 0.04 0.01 0.10 0.15 0.17 0.15 0.00

4: 931.24 655.00 767574.38 0.00 0.00 0.00 0.00 13.38 0.00 0.05 13.24 0.05 0.00 0.00 0.00 1.43 2.05 0.02 0.00 0.00 0.00 1.00 0.00 0.01 159.29 55.38 0.26 0.03 0.01 0.01 0.02 0.02 0.01 0.03

Number of Iteration: 1
Init: 411.656006
MemAlloc: 9.783000
HtoD: 29.481619
Exec: 6116.009766
DtoH: 19.942326
Close: 2.292000
Total: 8731.143555
Command exited with non-zero status 255
real 8.79 seconds
++ echo

++ /usr/bin/time -f real %e seconds ./run -p 0 -d 0
assigned vm_id=1
param_block size=10000000, offset=0, base=7f64df464000
assigned worker at 4191
WG size of kernel_swap = 256, WG size of kernel_kmeans = 256 

I/O completed

Number of objects: 819200
Number of features: 34
num_devices = 1
iterated 20 times

================= Centroid Coordinates =================
0: 175.36 2209991.00 0.00 0.00 0.00 0.00 0.00 0.00 0.00 0.00 0.00 0.00 0.00 0.00 0.00 1.71 1.64 0.00 0.00 0.07 0.07 0.98 0.05 0.00 115.36 54.50 0.34 0.05 0.34 0.03 0.07 0.00 0.02 0.00

1: 5051.68 5134229.50 0.00 0.00 0.00 2.71 0.00 0.00 0.00 0.00 0.00 0.00 0.00 0.00 0.00 1.02 1.46 0.02 0.02 0.00 0.00 0.99 0.02 0.06 31.59 35.05 0.89 0.02 0.93 0.10 0.01 0.02 0.00 0.00

2: 56.28 715.76 230.61 0.01 0.00 0.03 0.00 0.00 0.00 0.00 0.01 0.00 0.00 0.00 0.00 376.83 337.55 0.16 0.16 0.06 0.06 0.80 0.02 0.02 244.34 192.23 0.76 0.03 0.69 0.00 0.16 0.16 0.06 0.06

3: 1985.80 701.20 3525758.75 0.00 0.00 0.00 0.60 3.60 0.20 0.40 1.80 0.00 0.00 0.00 0.00 1.00 1.00 0.00 0.00 0.00 0.00 1.00 0.00 0.00 164.20 69.40 0.31 0.04 0.01 0.10 0.15 0.17 0.15 0.00

4: 931.24 655.00 767574.38 0.00 0.00 0.00 0.00 13.38 0.00 0.05 13.24 0.05 0.00 0.00 0.00 1.43 2.05 0.02 0.00 0.00 0.00 1.00 0.00 0.01 159.29 55.38 0.26 0.03 0.01 0.01 0.02 0.02 0.01 0.03

Number of Iteration: 1
Init: 420.889008
MemAlloc: 9.908000
HtoD: 27.426783
Exec: 6115.407715
DtoH: 17.942734
Close: 2.539000
Total: 8739.543945
Command exited with non-zero status 255
real 8.81 seconds
++ echo

++ /usr/bin/time -f real %e seconds ./run -p 0 -d 0
assigned vm_id=1
param_block size=10000000, offset=0, base=7f6dd8040000
assigned worker at 4192
WG size of kernel_swap = 256, WG size of kernel_kmeans = 256 

I/O completed

Number of objects: 819200
Number of features: 34
num_devices = 1
iterated 20 times

================= Centroid Coordinates =================
0: 175.36 2209991.00 0.00 0.00 0.00 0.00 0.00 0.00 0.00 0.00 0.00 0.00 0.00 0.00 0.00 1.71 1.64 0.00 0.00 0.07 0.07 0.98 0.05 0.00 115.36 54.50 0.34 0.05 0.34 0.03 0.07 0.00 0.02 0.00

1: 5051.68 5134229.50 0.00 0.00 0.00 2.71 0.00 0.00 0.00 0.00 0.00 0.00 0.00 0.00 0.00 1.02 1.46 0.02 0.02 0.00 0.00 0.99 0.02 0.06 31.59 35.05 0.89 0.02 0.93 0.10 0.01 0.02 0.00 0.00

2: 56.28 715.76 230.61 0.01 0.00 0.03 0.00 0.00 0.00 0.00 0.01 0.00 0.00 0.00 0.00 376.83 337.55 0.16 0.16 0.06 0.06 0.80 0.02 0.02 244.34 192.23 0.76 0.03 0.69 0.00 0.16 0.16 0.06 0.06

3: 1985.80 701.20 3525758.75 0.00 0.00 0.00 0.60 3.60 0.20 0.40 1.80 0.00 0.00 0.00 0.00 1.00 1.00 0.00 0.00 0.00 0.00 1.00 0.00 0.00 164.20 69.40 0.31 0.04 0.01 0.10 0.15 0.17 0.15 0.00

4: 931.24 655.00 767574.38 0.00 0.00 0.00 0.00 13.38 0.00 0.05 13.24 0.05 0.00 0.00 0.00 1.43 2.05 0.02 0.00 0.00 0.00 1.00 0.00 0.01 159.29 55.38 0.26 0.03 0.01 0.01 0.02 0.02 0.01 0.03

Number of Iteration: 1
Init: 411.708008
MemAlloc: 10.373000
HtoD: 23.009815
Exec: 6109.155273
DtoH: 17.833347
Close: 2.790000
Total: 8697.580078
Command exited with non-zero status 255
real 8.78 seconds
++ echo

++ /usr/bin/time -f real %e seconds ./run -p 0 -d 0
assigned vm_id=1
param_block size=10000000, offset=0, base=7f324057c000
assigned worker at 4193
WG size of kernel_swap = 256, WG size of kernel_kmeans = 256 

I/O completed

Number of objects: 819200
Number of features: 34
num_devices = 1
iterated 20 times

================= Centroid Coordinates =================
0: 175.36 2209991.00 0.00 0.00 0.00 0.00 0.00 0.00 0.00 0.00 0.00 0.00 0.00 0.00 0.00 1.71 1.64 0.00 0.00 0.07 0.07 0.98 0.05 0.00 115.36 54.50 0.34 0.05 0.34 0.03 0.07 0.00 0.02 0.00

1: 5051.68 5134229.50 0.00 0.00 0.00 2.71 0.00 0.00 0.00 0.00 0.00 0.00 0.00 0.00 0.00 1.02 1.46 0.02 0.02 0.00 0.00 0.99 0.02 0.06 31.59 35.05 0.89 0.02 0.93 0.10 0.01 0.02 0.00 0.00

2: 56.28 715.76 230.61 0.01 0.00 0.03 0.00 0.00 0.00 0.00 0.01 0.00 0.00 0.00 0.00 376.83 337.55 0.16 0.16 0.06 0.06 0.80 0.02 0.02 244.34 192.23 0.76 0.03 0.69 0.00 0.16 0.16 0.06 0.06

3: 1985.80 701.20 3525758.75 0.00 0.00 0.00 0.60 3.60 0.20 0.40 1.80 0.00 0.00 0.00 0.00 1.00 1.00 0.00 0.00 0.00 0.00 1.00 0.00 0.00 164.20 69.40 0.31 0.04 0.01 0.10 0.15 0.17 0.15 0.00

4: 931.24 655.00 767574.38 0.00 0.00 0.00 0.00 13.38 0.00 0.05 13.24 0.05 0.00 0.00 0.00 1.43 2.05 0.02 0.00 0.00 0.00 1.00 0.00 0.01 159.29 55.38 0.26 0.03 0.01 0.01 0.02 0.02 0.01 0.03

Number of Iteration: 1
Init: 410.760986
MemAlloc: 9.612000
HtoD: 27.140482
Exec: 6116.893066
DtoH: 19.922321
Close: 2.673000
Total: 8676.775391
Command exited with non-zero status 255
real 8.76 seconds
++ echo

++ /usr/bin/time -f real %e seconds ./run -p 0 -d 0
assigned vm_id=1
param_block size=10000000, offset=0, base=7fc4bb555000
assigned worker at 4194
WG size of kernel_swap = 256, WG size of kernel_kmeans = 256 

I/O completed

Number of objects: 819200
Number of features: 34
num_devices = 1
iterated 20 times

================= Centroid Coordinates =================
0: 175.36 2209991.00 0.00 0.00 0.00 0.00 0.00 0.00 0.00 0.00 0.00 0.00 0.00 0.00 0.00 1.71 1.64 0.00 0.00 0.07 0.07 0.98 0.05 0.00 115.36 54.50 0.34 0.05 0.34 0.03 0.07 0.00 0.02 0.00

1: 5051.68 5134229.50 0.00 0.00 0.00 2.71 0.00 0.00 0.00 0.00 0.00 0.00 0.00 0.00 0.00 1.02 1.46 0.02 0.02 0.00 0.00 0.99 0.02 0.06 31.59 35.05 0.89 0.02 0.93 0.10 0.01 0.02 0.00 0.00

2: 56.28 715.76 230.61 0.01 0.00 0.03 0.00 0.00 0.00 0.00 0.01 0.00 0.00 0.00 0.00 376.83 337.55 0.16 0.16 0.06 0.06 0.80 0.02 0.02 244.34 192.23 0.76 0.03 0.69 0.00 0.16 0.16 0.06 0.06

3: 1985.80 701.20 3525758.75 0.00 0.00 0.00 0.60 3.60 0.20 0.40 1.80 0.00 0.00 0.00 0.00 1.00 1.00 0.00 0.00 0.00 0.00 1.00 0.00 0.00 164.20 69.40 0.31 0.04 0.01 0.10 0.15 0.17 0.15 0.00

4: 931.24 655.00 767574.38 0.00 0.00 0.00 0.00 13.38 0.00 0.05 13.24 0.05 0.00 0.00 0.00 1.43 2.05 0.02 0.00 0.00 0.00 1.00 0.00 0.01 159.29 55.38 0.26 0.03 0.01 0.01 0.02 0.02 0.01 0.03

Number of Iteration: 1
Init: 409.694000
MemAlloc: 9.656000
HtoD: 30.107716
Exec: 6117.687988
DtoH: 18.871012
Close: 2.758000
Total: 8720.790039
Command exited with non-zero status 255
real 8.79 seconds
++ echo

++ /usr/bin/time -f real %e seconds ./run -p 0 -d 0
assigned vm_id=1
param_block size=10000000, offset=0, base=7f745fe05000
assigned worker at 4195
WG size of kernel_swap = 256, WG size of kernel_kmeans = 256 

I/O completed

Number of objects: 819200
Number of features: 34
num_devices = 1
iterated 20 times

================= Centroid Coordinates =================
0: 175.36 2209991.00 0.00 0.00 0.00 0.00 0.00 0.00 0.00 0.00 0.00 0.00 0.00 0.00 0.00 1.71 1.64 0.00 0.00 0.07 0.07 0.98 0.05 0.00 115.36 54.50 0.34 0.05 0.34 0.03 0.07 0.00 0.02 0.00

1: 5051.68 5134229.50 0.00 0.00 0.00 2.71 0.00 0.00 0.00 0.00 0.00 0.00 0.00 0.00 0.00 1.02 1.46 0.02 0.02 0.00 0.00 0.99 0.02 0.06 31.59 35.05 0.89 0.02 0.93 0.10 0.01 0.02 0.00 0.00

2: 56.28 715.76 230.61 0.01 0.00 0.03 0.00 0.00 0.00 0.00 0.01 0.00 0.00 0.00 0.00 376.83 337.55 0.16 0.16 0.06 0.06 0.80 0.02 0.02 244.34 192.23 0.76 0.03 0.69 0.00 0.16 0.16 0.06 0.06

3: 1985.80 701.20 3525758.75 0.00 0.00 0.00 0.60 3.60 0.20 0.40 1.80 0.00 0.00 0.00 0.00 1.00 1.00 0.00 0.00 0.00 0.00 1.00 0.00 0.00 164.20 69.40 0.31 0.04 0.01 0.10 0.15 0.17 0.15 0.00

4: 931.24 655.00 767574.38 0.00 0.00 0.00 0.00 13.38 0.00 0.05 13.24 0.05 0.00 0.00 0.00 1.43 2.05 0.02 0.00 0.00 0.00 1.00 0.00 0.01 159.29 55.38 0.26 0.03 0.01 0.01 0.02 0.02 0.01 0.03

Number of Iteration: 1
Init: 416.605011
MemAlloc: 9.383000
HtoD: 29.342178
Exec: 6116.166504
DtoH: 18.834192
Close: 2.976000
Total: 8725.860352
Command exited with non-zero status 255
real 8.79 seconds
++ echo

++ /usr/bin/time -f real %e seconds ./run -p 0 -d 0
assigned vm_id=1
param_block size=10000000, offset=0, base=7f47d9ae5000
assigned worker at 4196
WG size of kernel_swap = 256, WG size of kernel_kmeans = 256 

I/O completed

Number of objects: 819200
Number of features: 34
num_devices = 1
iterated 20 times

================= Centroid Coordinates =================
0: 175.36 2209991.00 0.00 0.00 0.00 0.00 0.00 0.00 0.00 0.00 0.00 0.00 0.00 0.00 0.00 1.71 1.64 0.00 0.00 0.07 0.07 0.98 0.05 0.00 115.36 54.50 0.34 0.05 0.34 0.03 0.07 0.00 0.02 0.00

1: 5051.68 5134229.50 0.00 0.00 0.00 2.71 0.00 0.00 0.00 0.00 0.00 0.00 0.00 0.00 0.00 1.02 1.46 0.02 0.02 0.00 0.00 0.99 0.02 0.06 31.59 35.05 0.89 0.02 0.93 0.10 0.01 0.02 0.00 0.00

2: 56.28 715.76 230.61 0.01 0.00 0.03 0.00 0.00 0.00 0.00 0.01 0.00 0.00 0.00 0.00 376.83 337.55 0.16 0.16 0.06 0.06 0.80 0.02 0.02 244.34 192.23 0.76 0.03 0.69 0.00 0.16 0.16 0.06 0.06

3: 1985.80 701.20 3525758.75 0.00 0.00 0.00 0.60 3.60 0.20 0.40 1.80 0.00 0.00 0.00 0.00 1.00 1.00 0.00 0.00 0.00 0.00 1.00 0.00 0.00 164.20 69.40 0.31 0.04 0.01 0.10 0.15 0.17 0.15 0.00

4: 931.24 655.00 767574.38 0.00 0.00 0.00 0.00 13.38 0.00 0.05 13.24 0.05 0.00 0.00 0.00 1.43 2.05 0.02 0.00 0.00 0.00 1.00 0.00 0.01 159.29 55.38 0.26 0.03 0.01 0.01 0.02 0.02 0.01 0.03

Number of Iteration: 1
Init: 417.687012
MemAlloc: 9.209000
HtoD: 28.568594
Exec: 6110.847656
DtoH: 16.927601
Close: 2.418000
Total: 8745.875000
Command exited with non-zero status 255
real 8.83 seconds
++ echo

++ /usr/bin/time -f real %e seconds ./run -p 0 -d 0
assigned vm_id=1
param_block size=10000000, offset=0, base=7fed98925000
assigned worker at 4197
WG size of kernel_swap = 256, WG size of kernel_kmeans = 256 

I/O completed

Number of objects: 819200
Number of features: 34
num_devices = 1
iterated 20 times

================= Centroid Coordinates =================
0: 175.36 2209991.00 0.00 0.00 0.00 0.00 0.00 0.00 0.00 0.00 0.00 0.00 0.00 0.00 0.00 1.71 1.64 0.00 0.00 0.07 0.07 0.98 0.05 0.00 115.36 54.50 0.34 0.05 0.34 0.03 0.07 0.00 0.02 0.00

1: 5051.68 5134229.50 0.00 0.00 0.00 2.71 0.00 0.00 0.00 0.00 0.00 0.00 0.00 0.00 0.00 1.02 1.46 0.02 0.02 0.00 0.00 0.99 0.02 0.06 31.59 35.05 0.89 0.02 0.93 0.10 0.01 0.02 0.00 0.00

2: 56.28 715.76 230.61 0.01 0.00 0.03 0.00 0.00 0.00 0.00 0.01 0.00 0.00 0.00 0.00 376.83 337.55 0.16 0.16 0.06 0.06 0.80 0.02 0.02 244.34 192.23 0.76 0.03 0.69 0.00 0.16 0.16 0.06 0.06

3: 1985.80 701.20 3525758.75 0.00 0.00 0.00 0.60 3.60 0.20 0.40 1.80 0.00 0.00 0.00 0.00 1.00 1.00 0.00 0.00 0.00 0.00 1.00 0.00 0.00 164.20 69.40 0.31 0.04 0.01 0.10 0.15 0.17 0.15 0.00

4: 931.24 655.00 767574.38 0.00 0.00 0.00 0.00 13.38 0.00 0.05 13.24 0.05 0.00 0.00 0.00 1.43 2.05 0.02 0.00 0.00 0.00 1.00 0.00 0.01 159.29 55.38 0.26 0.03 0.01 0.01 0.02 0.02 0.01 0.03

Number of Iteration: 1
Init: 407.330994
MemAlloc: 9.564000
HtoD: 27.450771
Exec: 6117.857910
DtoH: 20.203348
Close: 3.458000
Total: 8777.857422
Command exited with non-zero status 255
real 8.86 seconds
++ echo

++ /usr/bin/time -f real %e seconds ./run -p 0 -d 0
assigned vm_id=1
param_block size=10000000, offset=0, base=7ffae9f42000
assigned worker at 4198
WG size of kernel_swap = 256, WG size of kernel_kmeans = 256 

I/O completed

Number of objects: 819200
Number of features: 34
num_devices = 1
iterated 20 times

================= Centroid Coordinates =================
0: 175.36 2209991.00 0.00 0.00 0.00 0.00 0.00 0.00 0.00 0.00 0.00 0.00 0.00 0.00 0.00 1.71 1.64 0.00 0.00 0.07 0.07 0.98 0.05 0.00 115.36 54.50 0.34 0.05 0.34 0.03 0.07 0.00 0.02 0.00

1: 5051.68 5134229.50 0.00 0.00 0.00 2.71 0.00 0.00 0.00 0.00 0.00 0.00 0.00 0.00 0.00 1.02 1.46 0.02 0.02 0.00 0.00 0.99 0.02 0.06 31.59 35.05 0.89 0.02 0.93 0.10 0.01 0.02 0.00 0.00

2: 56.28 715.76 230.61 0.01 0.00 0.03 0.00 0.00 0.00 0.00 0.01 0.00 0.00 0.00 0.00 376.83 337.55 0.16 0.16 0.06 0.06 0.80 0.02 0.02 244.34 192.23 0.76 0.03 0.69 0.00 0.16 0.16 0.06 0.06

3: 1985.80 701.20 3525758.75 0.00 0.00 0.00 0.60 3.60 0.20 0.40 1.80 0.00 0.00 0.00 0.00 1.00 1.00 0.00 0.00 0.00 0.00 1.00 0.00 0.00 164.20 69.40 0.31 0.04 0.01 0.10 0.15 0.17 0.15 0.00

4: 931.24 655.00 767574.38 0.00 0.00 0.00 0.00 13.38 0.00 0.05 13.24 0.05 0.00 0.00 0.00 1.43 2.05 0.02 0.00 0.00 0.00 1.00 0.00 0.01 159.29 55.38 0.26 0.03 0.01 0.01 0.02 0.02 0.01 0.03

Number of Iteration: 1
Init: 413.737000
MemAlloc: 10.184000
HtoD: 30.283369
Exec: 6116.368652
DtoH: 19.632704
Close: 2.875000
Total: 8786.804688
Command exited with non-zero status 255
real 8.88 seconds
++ echo

++ /usr/bin/time -f real %e seconds ./run -p 0 -d 0
assigned vm_id=1
param_block size=10000000, offset=0, base=7f46e7817000
assigned worker at 4199
WG size of kernel_swap = 256, WG size of kernel_kmeans = 256 

I/O completed

Number of objects: 819200
Number of features: 34
num_devices = 1
iterated 20 times

================= Centroid Coordinates =================
0: 175.36 2209991.00 0.00 0.00 0.00 0.00 0.00 0.00 0.00 0.00 0.00 0.00 0.00 0.00 0.00 1.71 1.64 0.00 0.00 0.07 0.07 0.98 0.05 0.00 115.36 54.50 0.34 0.05 0.34 0.03 0.07 0.00 0.02 0.00

1: 5051.68 5134229.50 0.00 0.00 0.00 2.71 0.00 0.00 0.00 0.00 0.00 0.00 0.00 0.00 0.00 1.02 1.46 0.02 0.02 0.00 0.00 0.99 0.02 0.06 31.59 35.05 0.89 0.02 0.93 0.10 0.01 0.02 0.00 0.00

2: 56.28 715.76 230.61 0.01 0.00 0.03 0.00 0.00 0.00 0.00 0.01 0.00 0.00 0.00 0.00 376.83 337.55 0.16 0.16 0.06 0.06 0.80 0.02 0.02 244.34 192.23 0.76 0.03 0.69 0.00 0.16 0.16 0.06 0.06

3: 1985.80 701.20 3525758.75 0.00 0.00 0.00 0.60 3.60 0.20 0.40 1.80 0.00 0.00 0.00 0.00 1.00 1.00 0.00 0.00 0.00 0.00 1.00 0.00 0.00 164.20 69.40 0.31 0.04 0.01 0.10 0.15 0.17 0.15 0.00

4: 931.24 655.00 767574.38 0.00 0.00 0.00 0.00 13.38 0.00 0.05 13.24 0.05 0.00 0.00 0.00 1.43 2.05 0.02 0.00 0.00 0.00 1.00 0.00 0.01 159.29 55.38 0.26 0.03 0.01 0.01 0.02 0.02 0.01 0.03

Number of Iteration: 1
Init: 415.661987
MemAlloc: 9.213000
HtoD: 29.839144
Exec: 6117.725098
DtoH: 20.805735
Close: 3.045000
Total: 8806.181641
Command exited with non-zero status 255
real 8.89 seconds
++ echo

++ /usr/bin/time -f real %e seconds ./run -p 0 -d 0
assigned vm_id=1
param_block size=10000000, offset=0, base=7f5993d26000
assigned worker at 4200
WG size of kernel_swap = 256, WG size of kernel_kmeans = 256 

I/O completed

Number of objects: 819200
Number of features: 34
num_devices = 1
iterated 20 times

================= Centroid Coordinates =================
0: 175.36 2209991.00 0.00 0.00 0.00 0.00 0.00 0.00 0.00 0.00 0.00 0.00 0.00 0.00 0.00 1.71 1.64 0.00 0.00 0.07 0.07 0.98 0.05 0.00 115.36 54.50 0.34 0.05 0.34 0.03 0.07 0.00 0.02 0.00

1: 5051.68 5134229.50 0.00 0.00 0.00 2.71 0.00 0.00 0.00 0.00 0.00 0.00 0.00 0.00 0.00 1.02 1.46 0.02 0.02 0.00 0.00 0.99 0.02 0.06 31.59 35.05 0.89 0.02 0.93 0.10 0.01 0.02 0.00 0.00

2: 56.28 715.76 230.61 0.01 0.00 0.03 0.00 0.00 0.00 0.00 0.01 0.00 0.00 0.00 0.00 376.83 337.55 0.16 0.16 0.06 0.06 0.80 0.02 0.02 244.34 192.23 0.76 0.03 0.69 0.00 0.16 0.16 0.06 0.06

3: 1985.80 701.20 3525758.75 0.00 0.00 0.00 0.60 3.60 0.20 0.40 1.80 0.00 0.00 0.00 0.00 1.00 1.00 0.00 0.00 0.00 0.00 1.00 0.00 0.00 164.20 69.40 0.31 0.04 0.01 0.10 0.15 0.17 0.15 0.00

4: 931.24 655.00 767574.38 0.00 0.00 0.00 0.00 13.38 0.00 0.05 13.24 0.05 0.00 0.00 0.00 1.43 2.05 0.02 0.00 0.00 0.00 1.00 0.00 0.01 159.29 55.38 0.26 0.03 0.01 0.01 0.02 0.02 0.01 0.03

Number of Iteration: 1
Init: 410.265015
MemAlloc: 9.786000
HtoD: 30.999146
Exec: 6116.768066
DtoH: 19.569908
Close: 2.801000
Total: 8740.466797
Command exited with non-zero status 255
real 8.81 seconds
++ echo

++ echo

