Warning: do not enter your password if anyone else has superuser
privileges or access to your account.
[1] 22:10:47 [SUCCESS] dev
WG size of kernel = 128 
Configuration used: arch = 0, cores = 1, boxes1d = 20
Platform: NVIDIA Corporation
Device: GeForce GTX 1080
# of blocks = 8000, # of threads/block = 128 (ensure that device can handle)
kernel time elapsed:
296.535004 525.437988 103.499001 272.191986 189.020996 188.298004 103.237999 105.974998 287.734009 398.382996 103.653999 270.604004 188.725998 188.542007 105.648003 107.402000 287.079987 401.671997 828.518982 741.315979 192.977005 226.141998 104.431000 271.614990 191.559998 106.249001 108.179001 365.554993 266.013000 535.874023 225.878006 189.727997 190.856995 105.762001 108.333000 107.640999 268.005005 303.460999 224.807999 104.545998 193.167999 106.492996 108.010002 195.992004 104.594002 289.884003 282.035004 451.217987 106.807999 292.600006 281.546997 425.997986 189.158005 189.459000 106.171997 108.009003 303.013000 375.829010 194.175003 106.024002 231.647995 104.908997 353.458008 180.462006 107.598000 479.750000 106.100998 196.998993 226.477005 189.104996 106.056999 107.556000 346.472992 378.424988 190.419006 106.087997 231.089996 188.968002 107.117996 109.203003 429.652008 228.016006 473.121002 283.661011 449.920990 193.503006 227.162003 104.872002 195.292007 106.666000 109.151001 344.717010 376.183990 190.518005 106.850998 234.272003 191.345993 106.435997 109.207001 427.048004 
Init: 1148.729004
MemAlloc: 0.162000
HtoD: 66.097000
HtoD_Phy: 10.279712
Exec: 427.048004
DtoH: 75.575996
DtoH_Phy: 6.866912
Close: 1.532000
API: 1719.144043
Total: 24735.728516
[2] 22:10:55 [SUCCESS] dev2
Random number generator seed: 7
Input layer size : 262144
Starting training kernel
Performing GPU computation
kernel time elapsed:
181.927994 77.820000 491.377014 601.950012 187.022995 188.893997 423.832001 253.608002 591.448975 189.003006 188.751007 426.010010 256.708008 516.231018 308.058990 594.299011 160.535004 402.647003 603.585022 695.489014 265.795990 288.910004 163.858002 576.734009 615.487976 165.003006 822.966980 410.601990 502.334015 282.359985 343.125000 506.673004 377.277008 601.179993 442.475006 291.434998 352.985992 638.291992 160.677994 102.499001 312.769989 351.045990 717.607971 410.454010 529.456970 715.289978 412.980988 676.297974 74.737999 289.647003 284.834991 342.569000 722.140015 408.246002 529.085999 721.804016 407.688995 338.303009 183.888000 196.770996 264.204987 74.831001 193.718994 276.846008 76.842003 349.832001 73.910004 195.483994 191.018997 262.127014 79.675003 348.166992 73.777000 198.654999 193.561996 260.622986 80.000000 352.466003 73.865997 258.807007 190.220001 252.050995 74.133003 261.819000 191.906998 261.417999 80.127998 260.230011 279.688995 76.894997 193.701996 260.681000 79.960999 354.179993 74.707001 199.302002 192.328003 263.191010 77.803001 349.050995 
Init: 1211.285034
MemAlloc: 6.905000
HtoD: 95.684006
Exec: 393.841980
DtoH: 50.098999
Close: 0.156000
API: 1757.971069
Total: 33138.312500
Training done
[3] 22:11:00 [SUCCESS] dev1
Random number generator seed: 7
Input layer size : 262144
Starting training kernel
Performing GPU computation
kernel time elapsed:
177.451004 1168.435059 982.523010 664.260010 987.052002 592.681030 73.932999 73.744003 592.875977 159.826996 1166.781982 192.072998 320.329010 375.079987 526.825012 160.725998 604.421997 856.786011 1179.751953 366.332001 390.977997 374.583008 369.201996 711.291016 555.578003 527.200989 829.747986 761.651978 470.014008 826.247009 73.843002 292.291992 353.143005 938.546997 74.140999 160.998993 879.984985 402.601013 344.526001 936.031006 75.028000 291.565002 351.635010 940.442017 74.888000 161.115997 556.875000 338.363007 317.445007 229.410004 200.018005 420.548004 192.154999 339.713013 197.190002 426.153992 192.955002 338.820007 199.690994 485.061005 192.496994 323.960999 264.954987 190.962006 340.501007 264.994995 353.187988 193.248993 341.101990 197.123001 435.598999 190.807999 337.709015 197.005997 316.450989 77.028999 258.346008 74.333000 254.470001 254.132996 256.640991 74.460999 253.860992 257.569000 254.975006 76.236000 255.737000 256.291992 255.223007 76.198997 198.192001 254.376007 256.971008 255.091003 77.516998 255.169006 194.399994 256.467987 74.302002 257.894989 
Init: 1145.836060
MemAlloc: 9.493000
HtoD: 106.281998
Exec: 318.435974
DtoH: 50.297997
Close: 0.270000
API: 1630.615112
Total: 38361.796875
Training done
[4] 22:11:02 [SUCCESS] dev3
WG size of kernel = 128 
Configuration used: arch = 0, cores = 1, boxes1d = 20
Platform: NVIDIA Corporation
Device: GeForce GTX 1080
# of blocks = 8000, # of threads/block = 128 (ensure that device can handle)
kernel time elapsed:
218.410004 103.714996 194.307007 223.240005 1069.297974 577.911987 1072.831055 582.054016 103.989998 500.191986 224.292007 104.330002 424.154999 105.303001 526.203979 965.380005 556.096985 653.161987 1273.083984 225.994995 995.219971 577.333984 554.979004 592.073975 223.789001 1004.690002 797.588989 953.138000 803.328979 860.049988 794.531982 1064.801025 104.736000 259.985992 574.614990 686.192993 970.744995 798.656006 1014.375000 184.841995 280.574005 461.869995 413.326996 349.997009 462.755005 339.682007 348.217010 468.009003 338.696991 402.931000 471.532990 327.044006 455.813995 341.394012 280.264008 530.374023 341.371002 353.100006 470.402008 337.309998 283.763000 343.677002 344.050995 223.074005 281.106995 343.191986 220.613007 283.605988 339.834991 221.235992 283.072998 284.700012 223.429001 284.385986 223.675995 343.971008 226.186996 222.315002 343.505005 223.119003 221.339005 107.739998 106.817001 106.852997 106.820999 106.889999 106.913002 107.057999 106.925003 106.903999 106.834000 107.028999 106.838997 107.059998 106.882004 106.915001 106.925003 106.859001 106.936996 107.056000 
Init: 839.544006
MemAlloc: 0.691000
HtoD: 140.207993
HtoD_Phy: 14.413600
Exec: 107.056000
DtoH: 13.605000
DtoH_Phy: 2.890464
Close: 0.745000
API: 1101.848999
Total: 40723.335938
