WG size of kernel = 128
Configuration used: arch = 0, cores = 1, boxes1d = 20
Platform: NVIDIA Corporation
Device: GeForce GTX 1080
# of blocks = 8000, # of threads/block = 128 (ensure that device can handle)
kernel time elapsed:
115.655998 106.182999 105.226997 104.625000 105.230003 105.759003 104.759003 105.043999 104.827003 104.739998 105.036003 105.033997 104.700996 104.968002 104.976997 104.669998 105.042999 104.980003 104.792999 104.945000 104.647003 105.280998 105.059998 104.815002 105.043999 104.689003 105.117996 105.032997 105.029999 105.737999 105.196999 105.126999 105.101997 105.088997 105.022003 105.046997 105.148003 105.096001 105.051003 105.106003 105.148003 105.027000 105.033997 105.097000 105.055000 105.200996 105.356003 105.082001 104.984001 105.110001 105.049004 105.204002 105.216003 105.148003 105.084000 105.098999 105.049004 105.037003 105.091003 105.199997 105.052002 105.040001 105.234001 104.977997 105.567001 105.089996 105.125999 105.084000 105.257004 105.057999 105.070000 105.082001 105.060997 105.200996 105.144997 105.088997 105.108002 105.061996 104.939003 104.589996 105.827003 105.972000 105.081001 105.339996 105.379997 105.739998 105.842003 105.438004 105.762001 105.842003 105.352997 105.889000 105.757004 105.408997 105.400002 105.819000 105.848000 105.698997 105.491997 105.806000
Init: 834.437012
MemAlloc: 0.235000
HtoD: 72.406998
HtoD_Phy: 17.492704
Exec: 105.806000
DtoH: 19.226000
DtoH_Phy: 4.540864
Close: 1.049000
API: 1033.159912
Total: 11458.512695


