Warning: do not enter your password if anyone else has superuser
privileges or access to your account.
[1] 16:20:05 [SUCCESS] dev1
Random number generator seed: 7
Input layer size : 262144
Starting training kernel
Performing GPU computation
kernel time elapsed:
85.325996 77.202003 77.228996 74.553001 73.945000 73.932999 73.994003 74.199997 76.225998 73.977997 73.988998 74.000999 76.559998 75.571999 74.019997 73.988998 74.190002 74.443001 75.056999 75.467003 74.553001 74.417000 74.489998 74.444000 74.397003 74.469002 74.500999 74.458000 74.514000 74.457001 76.432999 75.110001 74.454002 74.514999 74.666000 74.442001 74.900002 74.456001 74.414001 74.570999 74.483002 74.441002 74.386002 74.450996 74.421997 74.504997 74.441002 74.464996 74.454002 74.404999 77.635002 74.473000 74.495003 74.527000 74.452003 74.478996 74.435997 74.496002 74.474998 74.435997 74.458000 74.466003 74.428001 74.444000 74.572998 74.698997 75.584000 74.453003 74.470001 74.834999 74.484001 74.459000 74.500000 74.489998 74.469002 74.463997 74.494003 74.461998 74.464996 74.454002 79.250000 74.434998 74.424004 74.603996 74.377998 74.386002 74.443001 75.525002 74.440002 74.430000 74.389999 74.444000 75.164001 74.487999 74.498001 74.408997 74.453003 74.473000 74.400002 74.420998 
Init: 448.096985
MemAlloc: 5.296000
HtoD: 89.098999
Exec: 74.734001
DtoH: 32.560001
Close: 0.262000
API: 650.047974
Total: 8065.208008
Training done
