Warning: do not enter your password if anyone else has superuser
privileges or access to your account.
[1] 15:54:05 [SUCCESS] dev
WG size of kernel = 128 
Configuration used: arch = 0, cores = 1, boxes1d = 20
Platform: NVIDIA Corporation
Device: GeForce GTX 1080
# of blocks = 8000, # of threads/block = 128 (ensure that device can handle)
kernel time elapsed:
118.268997 225.755005 222.237000 223.720993 279.950012 220.177994 285.075012 222.382996 220.656006 224.528000 223.389008 108.821999 283.010986 221.550995 222.085007 220.535995 224.865005 282.812988 221.412994 282.506012 221.940002 108.491997 223.447006 282.408997 225.121002 282.804993 225.264008 282.786987 224.897003 222.953995 226.804993 105.556000 224.240005 283.313995 221.639008 282.531006 226.779007 221.389999 224.050995 227.451004 220.800995 108.765999 223.548004 283.260010 224.283997 283.438995 224.425995 224.166000 226.153000 221.365997 223.207001 105.725998 223.432007 283.667999 224.354996 283.449005 220.516006 225.113998 222.781998 222.166000 281.862000 109.636002 222.078995 283.920013 224.149994 284.042999 224.179993 224.507996 224.412003 222.953995 224.539001 107.490997 223.781998 283.958008 224.227005 284.670013 224.203003 223.608994 223.171997 226.074997 222.386002 283.631989 111.153000 221.529999 283.524994 226.356995 221.860992 223.205994 221.541000 281.868988 221.570007 282.589996 106.094002 223.365005 226.910004 284.071991 225.276001 281.899994 221.712006 283.660004 
Init: 665.656006
MemAlloc: 0.177000
HtoD: 71.290001
HtoD_Phy: 15.842625
Exec: 283.660004
DtoH: 24.735001
DtoH_Phy: 5.945824
Close: 1.371000
API: 1046.888916
Total: 23518.699219
[2] 15:54:06 [SUCCESS] dev1
Random number generator seed: 7
Input layer size : 262144
Starting training kernel
Performing GPU computation
kernel time elapsed:
172.257996 254.042999 199.688995 257.414001 259.554993 253.300995 256.697998 197.860001 255.852005 196.001007 376.117004 258.123993 193.460007 254.251999 199.272995 253.757996 259.221008 253.647995 259.592010 317.729004 253.973007 258.071014 254.220993 259.591003 256.949005 258.175995 195.237000 255.839996 313.660004 257.709991 255.218002 255.063995 258.709991 193.248993 256.990997 199.175003 255.604996 318.500000 252.923004 256.001007 253.395996 258.605011 194.996002 257.181000 192.595001 255.479004 313.205994 258.641998 253.792999 258.062988 253.188004 197.929993 254.272003 196.039993 254.061005 376.428009 250.981995 256.320007 252.248993 258.093994 197.546005 255.225998 196.042007 253.979004 315.507996 256.614990 255.828995 258.881989 253.501007 198.179993 228.914001 254.516006 194.417999 257.484985 374.438995 257.545013 257.029999 194.033997 256.585999 195.414993 256.938995 254.052002 258.373993 374.769989 198.893997 256.684998 255.779999 257.640991 253.195007 255.143997 258.686005 80.055000 75.151001 74.822998 74.724998 74.730003 74.714996 74.758003 74.749001 74.695000 
Init: 634.099976
MemAlloc: 3.902000
HtoD: 83.295998
Exec: 75.413002
DtoH: 38.549999
Close: 0.237000
API: 835.497986
Total: 24278.896484
Training done
